Lab_no.DM <- c(4241/13, 4242/13, 4243/13, 4247/13, 4248/13, 4342/13)
Locus_no. <- c(17002-1, 17002-2, 17002-3, 12079, 5007, 23002)
Ag <-c(20, 55, 370, 500, 420, 550)
Sn <- c(15, 2, 2, 25, 3, 70)
Pb <- c(20, 95, 20, 15, 580, 90)
Bi <- c(7, 0.3, 0.4, 21, 0.7, 2)
P <- c(120, 100, 5, 10, 5, 5)
S <- c(180, 10, 10, 25, 10, 40)
Fe <- c(130,190,15,25,35,35)
Co <- c(0.1, 0.4, 0.1, 0.2, 0.3, 3)
Ni <- c(7, 15, 25, 15, 20, 70)
Mo <- c(60, 45, 40, 200, 40, 1.5)
Zn <- c(120, 20, 6, 50, 7, 30)
As <- c(1.5, 0.036, 1.95, 1.94, 0.011, 0.05)
Cu<- c(82, 85, 99, 93, 95, 95)
Sum<- c(83, 85, 101, 95, 95, 95)
ChemicalCompositionOT <- data.frame(Lab_no.DM,Locus_no., Ag,Sn,Pb,Bi,P,S,Fe,Co,Ni,Mo,Zn,As,Cu,Sum,Fe)
ChemicalCompositionOT
Lab_no.DM Locus_no.  Ag Sn  Pb   Bi   P   S  Fe  Co Ni    Mo  Zn    As Cu Sum
1  326.2308     17001  20 15  20  7.0 120 180 130 0.1  7  60.0 120 1.500 82  83
2  326.3077     17000  55  2  95  0.3 100  10 190 0.4 15  45.0  20 0.036 85  85
3  326.3846     16999 370  2  20  0.4   5  10  15 0.1 25  40.0   6 1.950 99 101
4  326.6923     12079 500 25  15 21.0  10  25  25 0.2 15 200.0  50 1.940 93  95
5  326.7692      5007 420  3 580  0.7   5  10  35 0.3 20  40.0   7 0.011 95  95
6  334.0000     23002 550 70  90  2.0   5  40  35 3.0 70   1.5  30 0.050 95  95

Pit <- c(01-171, 02-070, 08-051)
> Volume_of_soil_sample <- c(285, 70, 445)
> Number_of_seed_and_fruit_remains <- c(95, 73, 192)
> Density <- c(0.33, 1.04, 0.43)
> Total <- c(800, 360, 0)
VolumeSedimentSamples <- data.frame(Pit, Volume_of_soil_sample, Number_of_seed_and_fruit_remains, Density, Total)
> VolumeSedimentSamples
Pit Volume_of_soil_sample Number_of_seed_and_fruit_remains Density Total
1 -170                   285                               95    0.33   800
2  -68                    70                               73    1.04   360
3  -43                   445                              192    0.43     0

Location <- c("Nakhchivan", "Nakhchivan", "Nakhchivan", "Nakhchivan", "Nakhchivan")
Locality <- c("Dize", "Dize", "Dize", "Dize", "Dize")
Specimen <- c("Dize1", "Dize2", "Dize3", "Dize4", "Dize5")
Genbank <- c("JX889722", "JX889723", "JX889724", "JX889725", "JX889726")
HGa <-c("HG4", "HG4", "HG4", "HG4", "HG3")
HGb <- c("Orkney", "Orkney", "Orkney", "Orkney", "TMC")
MitochondrialDNA_Haplogroup_Nakhchivan <- c(Location, Locality, Specimen, Genbank, Mt_haplotype, HGa, HGb)
MitochondrialDNA_Haplogroup_Nakhchivan
[1] "Nakhchivan" "Nakhchivan" "Nakhchivan" "Nakhchivan" "Nakhchivan" "Dize"      
[7] "Dize"       "Dize"       "Dize"       "Dize"       "Dize1"      "Dize2"     
[13] "Dize3"      "Dize4"      "Dize5"      "JX889722"   "JX889723"   "JX889724"  
[19] "JX889725"   "JX889726"   "A"          "B"          "A"          "B"         
[25] "C"          "HG4"        "HG4"        "HG4"        "HG4"        "HG3"       
[31] "Orkney"     "Orkney"     "Orkney"     "Orkney"     "TMC" 

Taxon <- c("Mus_sp", "Mus_musculus_domesticus", "Mus_musculus_domesticus", "Mus_musculus_domesticus", "Mus_musculus_domesticus", "Mus_musculus_domesticus", "Mus_musculus_domesticus", "Mus_musculus_domesticus", "Mus_musculus_domesticus", "Mus_musculus_domesticus", "Mus_musculus_musculus", "Mus_musculus_musculus", "Mus_musculus_musculus", "Mus_musculus_musculus", "Mus_musculus_musculus", "Mus_musculus_musculus", "Mus_musculus_castaneus", "Mus_macedonicus_spretoides", "Mus_macedonicus_macedonicus")
> Country <- c("Azerbaijan_Nakhchivan_A", "Azerbaijan_Nakhchivan_TG", "Israel_TG", "Iran_TG", "Syria_TG", "Syria_TG", "Syria_TG", "Syria_P", "Turkey_A", "Cyprus_A", "Georgia_TG", "Georgia_TG", "Georgia_TG", "Georgia_TG", "Georgia_TG", "Bulgaria_TG", "Iran_TG", "Israel_TG", "Georgia_TG")
> MapNumber <- c(1, 2, 3, 4, 5, 6, 7, 7, 7, 8, 9, 10, 11, 12, 13, 14, 15, 16)
> Localities_site <- c("Ovcular_Tepesi", "Dize_village", "Various", "Ahvaz", "Damascus", "Hamah", "Latakia", "Halula", "Cafer_Hoyuk", "Cap_Andreas_Kastros", "Alazani", "Lagodekhi", "Vachlavan", "Tibissi", "Chiracskaya", "Dobromir", "Espahan", "Various", "Various")
> N <- c(46, 6, 33, 21, 2, 5, 5, 32, 23, 3, 1, 5, 2, 4, 3, 11, 36, 16, 18)
HGc<- c("N/A", 3.4, 1.2.4.11, 3.7.9, 3, 3.6.10, 6.10, "N/A", "N/A", "N/A", "N/A", "N/A", "N/A", "N/A", "N/A", "N/A", "N/A", "N/A", "N/A", "N/A")
Error: unexpected numeric constant in "HGc<- c("N/A", 3.4, 1.2.4"
> HGc<- c("N/A", 3-4, 1-2-4-11, 3-7-9, 3, 3-6-10, 6-10, "N/A", "N/A", "N/A", "N/A", "N/A", "N/A", "N/A", "N/A", "N/A", "N/A", "N/A", "N/A", "N/A")
